{
    "Title": "Handeye Calibration Program",
    "Camera Mount Type": "attached on robot",
    "Camera Frame": "camera_color_optical_frame",
    "Object Frame": "calib_board",
    "Robot Base": "base",
    "End Effector Frame": "tool0",
    "Result Transformation": "T camera_color_optical_frame to tool0",
    "Result in Matrix Format": [
        [
            0.9987522166789325,
            -0.011370188502084511,
            -0.048628474090245,
            -0.03311458368005434
        ],
        [
            0.010060972376581491,
            0.9995825465077625,
            -0.027083381470833407,
            -0.06076911053076524
        ],
        [
            0.048916117116511074,
            0.026560337544618732,
            0.9984496792306359,
            0.1075592873521238
        ],
        [
            0.0,
            0.0,
            0.0,
            1.0
        ]
    ],
    "Result in Pose Format": [
        -0.03311458368005434,
        -0.06076911053076524,
        0.1075592873521238,
        0.013416323458144815,
        -0.024395955598182195,
        0.005359945054311014,
        0.999597974489911
    ],
    "Joint Dataset": [
        [
            -1.4972247716835518,
            0.6148722807513636,
            -0.8071420353702088,
            -1.5056646505938929,
            -0.09111148515810186,
            0.23364771902561188
        ],
        [
            -2.066514631310934,
            1.5678914229022425,
            -1.312907652263977,
            -1.5167234579669397,
            -0.09088498750795537,
            0.304712176322937
        ],
        [
            -1.8756700954832972,
            1.458109203969137,
            -1.1138690275004883,
            -1.2273572126971644,
            -0.4529340902911585,
            -0.1827934424029749
        ],
        [
            -1.348681465988495,
            1.0397327581988733,
            -1.3697343182614823,
            -1.8807151953326624,
            2.264655590057373,
            0.901518702507019
        ],
        [
            -1.2406740349582215,
            0.8044284025775355,
            -0.9495232266238709,
            -1.167177979146139,
            1.128632664680481,
            0.20304635167121887
        ],
        [
            -1.7105242214598597,
            1.55095082918276,
            -1.506384940152504,
            -1.9411738554583948,
            1.2650742530822754,
            1.0590704679489136
        ],
        [
            -1.8661872349181117,
            0.9706843535052698,
            -0.9431393903544922,
            -1.7957103888141077,
            0.8911058306694031,
            1.0246663093566895
        ],
        [
            -1.339305357342102,
            0.961494270955221,
            -1.1685450834086915,
            -1.5994108358966272,
            0.7504631280899048,
            0.62408447265625
        ],
        [
            -1.463273213510849,
            0.8569334189044397,
            -1.0434261125377198,
            -1.6023662726031702,
            0.8304421901702881,
            0.6524006128311157
        ],
        [
            -0.9996829789927979,
            0.858290974293844,
            -1.3366242361119767,
            -1.6107013861285608,
            0.8304735422134399,
            0.5360189080238342
        ],
        [
            -1.4311854255250473,
            0.8566039244281214,
            -1.0823122423938294,
            -1.5188520590411585,
            1.0002483129501343,
            0.5813628435134888
        ]
    ],
    "Transform Dataset": [
        [
            [
                [
                    -0.32543334048973566,
                    0.9402772982457309,
                    -0.09985861656061627,
                    -0.3481914957347672
                ],
                [
                    0.9440448930335558,
                    0.3171074236301176,
                    -0.09067591640524661,
                    -0.2265526819997968
                ],
                [
                    -0.05359459706867624,
                    -0.1237799833671733,
                    -0.9908613096103147,
                    0.8023291239557359
                ],
                [
                    0.0,
                    0.0,
                    0.0,
                    1.0
                ]
            ],
            [
                [
                    0.9345799698099375,
                    -0.34398421236326926,
                    0.0907476813746638,
                    -0.010615533260497875
                ],
                [
                    0.32816379014363284,
                    0.9320759014984522,
                    0.15343741618136486,
                    -0.14733019683126153
                ],
                [
                    -0.137363775678386,
                    -0.11361943271583835,
                    0.9839826307616965,
                    0.7475065896874298
                ],
                [
                    0.0,
                    0.0,
                    0.0,
                    1.0
                ]
            ]
        ],
        [
            [
                [
                    -0.3947000891709643,
                    0.894298706274741,
                    -0.21081191513706582,
                    -0.20912037479600276
                ],
                [
                    0.9183007518342945,
                    0.3763196191343054,
                    -0.12291164889944703,
                    -0.21114212681815375
                ],
                [
                    -0.03058706898351657,
                    -0.24210197894675703,
                    -0.9697685615656251,
                    0.6510616728657834
                ],
                [
                    0.0,
                    0.0,
                    0.0,
                    1.0
                ]
            ],
            [
                [
                    0.9044235421917974,
                    -0.4210137435375341,
                    0.06903248569878925,
                    0.027479038990275345
                ],
                [
                    0.38940838460380395,
                    0.8807311771628502,
                    0.26958060682029045,
                    -0.21636755346215159
                ],
                [
                    -0.17429620285450287,
                    -0.2169332185854706,
                    0.9605002927353278,
                    0.658915931727113
                ],
                [
                    0.0,
                    0.0,
                    0.0,
                    1.0
                ]
            ]
        ],
        [
            [
                [
                    -0.2644116614353481,
                    0.964089115812255,
                    -0.02487267716477981,
                    -0.3517229793895112
                ],
                [
                    0.9098827595922846,
                    0.24082983091028487,
                    -0.33780816499968236,
                    -0.10463803556866914
                ],
                [
                    -0.31968709247282406,
                    -0.11195163829113003,
                    -0.9408862809023226,
                    0.629346081462981
                ],
                [
                    0.0,
                    0.0,
                    0.0,
                    1.0
                ]
            ],
            [
                [
                    0.8850885649270722,
                    -0.2805770414691992,
                    0.3713418317880806,
                    0.02892035684814133
                ],
                [
                    0.2505195522614831,
                    0.9596184459931164,
                    0.127954648389429,
                    -0.1963049997441498
                ],
                [
                    -0.3922476082400527,
                    -0.020222806683238892,
                    0.9196373480453099,
                    0.6264891424597274
                ],
                [
                    0.0,
                    0.0,
                    0.0,
                    1.0
                ]
            ]
        ],
        [
            [
                [
                    0.9388326046998967,
                    0.16404415521118831,
                    -0.30279176919700934,
                    -0.27702839401198404
                ],
                [
                    0.20505067764051227,
                    -0.9726848838442765,
                    0.10880411913164824,
                    -0.5160436404435462
                ],
                [
                    -0.27667229704394714,
                    -0.16423651202425954,
                    -0.9468256482407582,
                    0.6127532168816325
                ],
                [
                    0.0,
                    0.0,
                    0.0,
                    1.0
                ]
            ],
            [
                [
                    0.22526537343638509,
                    0.9164099042527388,
                    0.3308298640057338,
                    -0.06158523597668621
                ],
                [
                    -0.9677347800427741,
                    0.17110908876767084,
                    0.18496236167572327,
                    0.0608651178687167
                ],
                [
                    0.11289334358645639,
                    -0.3618211811497271,
                    0.9253866899006526,
                    0.6073331633875072
                ],
                [
                    0.0,
                    0.0,
                    0.0,
                    1.0
                ]
            ]
        ],
        [
            [
                [
                    0.821074867279996,
                    0.5155946469747602,
                    0.2449453456020537,
                    -0.5278238421274173
                ],
                [
                    0.5708194847616858,
                    -0.7424519518581884,
                    -0.35061405419402497,
                    -0.28471467750921586
                ],
                [
                    0.0010854204442654891,
                    0.42769996398519766,
                    -0.9039201085657518,
                    0.6218838069073384
                ],
                [
                    0.0,
                    0.0,
                    0.0,
                    1.0
                ]
            ],
            [
                [
                    0.570463705974775,
                    0.8198031232930285,
                    0.04993995599238285,
                    -0.11331594556247039
                ],
                [
                    -0.7391070200638126,
                    0.5389262067185842,
                    -0.40407840403108514,
                    -0.1208149224194058
                ],
                [
                    -0.35817868872661374,
                    0.1936010918122973,
                    0.9133600846277278,
                    0.518382983149074
                ],
                [
                    0.0,
                    0.0,
                    0.0,
                    1.0
                ]
            ]
        ],
        [
            [
                [
                    0.2251950635477889,
                    0.9057896018700368,
                    -0.3589322784284353,
                    -0.12873776897588274
                ],
                [
                    0.974148426212006,
                    -0.20253626412830866,
                    0.10006950295479661,
                    -0.42785661489711124
                ],
                [
                    0.017945112492800508,
                    -0.37218847222485085,
                    -0.9279836820120021,
                    0.5627051740415019
                ],
                [
                    0.0,
                    0.0,
                    0.0,
                    1.0
                ]
            ],
            [
                [
                    0.9819092550108327,
                    0.187272459245563,
                    0.02798644193516383,
                    -0.07464274423481208
                ],
                [
                    -0.18231943048228952,
                    0.8951500190412156,
                    0.4067752065688429,
                    -0.1398723387406542
                ],
                [
                    0.05112572926311131,
                    -0.40451881219373487,
                    0.9130994964343616,
                    0.6155908308363635
                ],
                [
                    0.0,
                    0.0,
                    0.0,
                    1.0
                ]
            ]
        ],
        [
            [
                [
                    -0.1148207643468084,
                    0.9388544950035359,
                    -0.3246050358304238,
                    -0.03143131799588479
                ],
                [
                    0.9908704943879686,
                    0.08500214170536473,
                    -0.10464367757702348,
                    -0.2655943238533967
                ],
                [
                    -0.0706530638129565,
                    -0.3336568193775711,
                    -0.9400432285042458,
                    0.8079744456499958
                ],
                [
                    0.0,
                    0.0,
                    0.0,
                    1.0
                ]
            ],
            [
                [
                    0.9820150959522351,
                    -0.1485306653387211,
                    0.11655467719469405,
                    0.017196744273193162
                ],
                [
                    0.09650925446676463,
                    0.925491043268431,
                    0.36626806116856603,
                    -0.19767951334535044
                ],
                [
                    -0.16227234861242312,
                    -0.3484321602320142,
                    0.923180759435475,
                    0.8770075065324497
                ],
                [
                    0.0,
                    0.0,
                    0.0,
                    1.0
                ]
            ]
        ],
        [
            [
                [
                    0.12549938280921052,
                    0.9920886275578299,
                    0.00317174792951588,
                    -0.37760279951558773
                ],
                [
                    0.9913792413096539,
                    -0.12552967286700772,
                    0.03754332337708957,
                    -0.4327269009118369
                ],
                [
                    0.037644452643145324,
                    -0.0015672588564424259,
                    -0.9992899673692688,
                    0.6188365040206161
                ],
                [
                    0.0,
                    0.0,
                    0.0,
                    1.0
                ]
            ],
            [
                [
                    0.9940012772667582,
                    0.10819943220966222,
                    -0.01594815542813459,
                    -0.01514596782403417
                ],
                [
                    -0.10761667391179142,
                    0.9936199621714678,
                    0.03373458567307732,
                    -0.15878966070880096
                ],
                [
                    0.01949646860886295,
                    -0.03181593380489962,
                    0.9993035745297352,
                    0.5343067865049039
                ],
                [
                    0.0,
                    0.0,
                    0.0,
                    1.0
                ]
            ]
        ],
        [
            [
                [
                    0.17677959304845656,
                    0.9808409616791466,
                    -0.08185342615889195,
                    -0.29852488599193105
                ],
                [
                    0.9835523648595915,
                    -0.17917392999086848,
                    -0.022835244485934464,
                    -0.3918786414144134
                ],
                [
                    -0.0370637432098684,
                    -0.07647032564305262,
                    -0.996382741839359,
                    0.7171927038358805
                ],
                [
                    0.0,
                    0.0,
                    0.0,
                    1.0
                ]
            ],
            [
                [
                    0.9857345568156959,
                    0.15763750960347564,
                    0.05897286719651444,
                    -0.024216140109489265
                ],
                [
                    -0.16304536795879518,
                    0.9813086047779913,
                    0.10222343261626989,
                    -0.1649645824557783
                ],
                [
                    -0.04175633468762188,
                    -0.11038042287781881,
                    0.993011868387669,
                    0.655153666352715
                ],
                [
                    0.0,
                    0.0,
                    0.0,
                    1.0
                ]
            ]
        ],
        [
            [
                [
                    0.28558965302335576,
                    0.956524301119028,
                    0.059159204311368084,
                    -0.5427167006578559
                ],
                [
                    0.9536117644010472,
                    -0.2897672364889348,
                    0.081606074856516,
                    -0.4728141884916593
                ],
                [
                    0.09520059286538546,
                    0.03310906260105535,
                    -0.9949073510090064,
                    0.4670085753659293
                ],
                [
                    0.0,
                    0.0,
                    0.0,
                    1.0
                ]
            ],
            [
                [
                    0.9618744405615856,
                    0.2684574475768863,
                    -0.052231785675394,
                    0.0022931395356063505
                ],
                [
                    -0.2684179243847562,
                    0.9632701518184771,
                    0.00790142294700742,
                    -0.029320937680200113
                ],
                [
                    0.05243451595386598,
                    0.006419770721105459,
                    0.9986037292542885,
                    0.3863589390662783
                ],
                [
                    0.0,
                    0.0,
                    0.0,
                    1.0
                ]
            ]
        ],
        [
            [
                [
                    0.402698566544726,
                    0.9143092626749376,
                    -0.04327166150767344,
                    -0.3387120424973725
                ],
                [
                    0.9098208493783748,
                    -0.405006282619475,
                    -0.09053139276055713,
                    -0.3882015152872828
                ],
                [
                    -0.10029898573383123,
                    -0.0029125977349510404,
                    -0.9949530794138982,
                    0.7059956776420103
                ],
                [
                    0.0,
                    0.0,
                    0.0,
                    1.0
                ]
            ],
            [
                [
                    0.913886157850469,
                    0.3872370260850383,
                    0.12189986102585602,
                    -0.034777925333562346
                ],
                [
                    -0.3925223483424899,
                    0.9194830137535279,
                    0.02184475841996378,
                    -0.14684444925971496
                ],
                [
                    -0.10362575230609745,
                    -0.06781204205408455,
                    0.9923019854920428,
                    0.633608092816
                ],
                [
                    0.0,
                    0.0,
                    0.0,
                    1.0
                ]
            ]
        ]
    ]
}